baseline: 0.1
calibration_time: 2017-10-19-17-39-31
gain: 0.20000000298023224
k: 27.0
limit: 1.0
radius: 0.0318
trim: 0.019999999552965164
